-1.5077831570062319
0.06180563707187841
-0.16795871849288702
-0.3062759582215932
0.4218480983397003
-0.236826811217041
-0.3413595163221193
-0.026071680383810886
0.7869366598373226
0.2510625573461431
-0.08007420619557598
-1.014897355274651
0.1362104593818099
1.2361044157121808
0.5023888353039595
0.705630635092981
-0.5929669980599486
-1.0978555486332606
-1.609398179286909
-0.7669708305742193
-1.872581825488143
-0.8282274289342929
-0.25622829217835674
-1.2382460028552569
1.8593572655482367
-1.7140262517886813
1.4248014973794798
-0.24661383953589255
0.9418625018186946
0.49811012392304216
1.1297697983838346
-1.374815233286935
-1.8704089563641784
-0.7458443475742016
-1.135110864788016
-1.6193389766182245
0.2088462786219113
1.6489274419186277
-0.7498233278820731
-0.3015113728443261
-0.9620861679688124
1.3196897611422511
-1.5906106885092917
0.20933464259094348
0.9416881125926031
-0.2945156291541253
-1.3017189033410073
-0.8708306373430427
-0.23127091388010726
0.16980976747142296
0.7207328804162573
0.19066264931887122
0.20969739756564942
0.9236153165307653
0.6184117741551711
-0.5907741934105539
-0.29481971444759303
0.33601671111508374
0.7998234353136525
1.5621315186202476
-0.5123667303472246
0.025397842544524023
0.421732579335295
1.1778004089962193
0.552804540649589
1.3254314790064088
0.07814277085350606
-1.0408993088534384
1.0977488911700848
-1.8749861467419826
-0.8329712132168997
-0.7404012665864346
-0.106187743521607
-0.12066356433774672
1.756888601582408
-1.1675342789101004
-0.7746223688023185
1.4191409109427686
0.38201659140218436
-0.6658914820967491
0.5290364258765279
0.9888550921763186
0.4150970065065607
-0.3671624099705521
-0.32413955100738107
1.1671579055861283
1.2308333796760331
-1.857567361177226
1.3042744920856155
-1.5220469910014445
-1.1721725760569282
-0.8106177486702207
-1.0614122492650389
-0.07829787323018844
0.16214272990329479
0.7201325377745514
1.405826472089238
-1.0514019374024612
-0.020839592800182605
-0.9221623409207749
-0.1713130449838277
1.7546394921755035
-0.20103507705348392
-1.4501898499447028
-0.7236833814509485
0.9780590688816739
-0.5933025670930449
-0.6653130921873437
-1.077758618636935
-0.7847570592776079
-0.7411428141158111
-1.8395802205084082
-0.7623730883724608
1.094796224432924
-0.5444707689864894
-0.7769517598674687
-0.8223029536403563
-0.24951036226107964
-1.0166614737723718
0.03115624506075976
-0.5037152414085208
1.5849128964725256
-0.7157988126263973
1.2685609736735117
-0.11464382406698836
-1.0380998443142653
0.7017221736750348
-0.5709174161784784
-0.6443166834221673
0.9574469184037785
0.36220440734081727
-0.25016015841206984
-0.007018610403559354
0.7564134318430997
0.3763841753012762
0.7406737751143809
0.7339997808976266
-1.285557988582561
0.05839947466241535
-1.528348586421923
-0.6494740146917697
1.1944203279066974
-0.11231544782218837
-0.4009533615671964
-0.033444878968459636
0.5051873316693615
0.5108970980960393
-0.7688765040442057
-0.7936548238383412
0.2690647830765609
0.04003072942944002
-0.6648769994840615
-0.24434855011844567
0.2502200851179613
0.8300883268941047
-0.29321256250098154
0.6080106695451389
-0.7192643609275188
-0.9796124831420107
-1.297216746254166
-0.11315519255747422
0.26565823255606436
-1.6600537454585094
-0.15985579410794173
-0.8512651958316165
0.6903717656391265
-0.7594986529268092
-0.17141902330153172
0.6574102234297162
-0.16836012646108972
-0.9578514327324067
0.5834500437951785
0.46634036368687104
0.44146700310511383
1.2308938863122727
-0.9883919723481182
0.7020006194412826
-1.1249927606763837
-0.4487132656348313
0.2514859880978035
-0.7931245660140275
0.31687206901902776
0.0272550800291009
-1.998141503161003
0.33084363247783505
1.0275007884459313
0.2319230815834846
0.7179883695127304
-1.1917967082553833
-1.5638704680314082
0.6443019465346668
1.4188390374975453
0.25852910682626135
1.1862975025502238
-0.8135391986066681
1.8496338386302718
0.638388860712853
-0.7372846631419595
-1.805522841809771
0.9151847888325739
0.7387196014120316
-0.8451520559914417
-0.7410006819249376
-0.6592956705862365
-1.3548453224012098
0.6013985882323903
0.6506892883159477
-0.5296102750463422
-0.03925024119527593
1.3085253689335739
-0.3270054637920253
-1.6774754142568777
1.6476078579668645
1.4185768197524127
-1.4782816682370266
-0.9205636529840848
0.804435336718292
1.0117717612792931
-0.8601198453710821
0.23109991194952392
0.7965283416012168
1.8272008773832547
0.7333058091462883
0.07916916305496714
0.26182784369505663
-1.492498853183988
-0.5744607094271688
-0.3126721504505772
-0.24614900947173424
-0.9346648907147865
0.9417681456353352
-0.0710259862028865
-1.37053096946557
0.7911401900599
-0.07215155204419571
1.2640207730570763
-1.0048369989351107
0.021180415384581968
-0.4078640157220639
-0.7318142781608088
-0.7967599281389284
1.1342161916486984
0.2775215964115576
1.4092536794417325
-1.738714601060267
1.197418851198537
0.7849873338236474
0.9727221413309781
0.577357738713674
0.1507932490657666
0.05965141554845819
0.09351619380310582
0.40362537083867983
-1.1623586583192977
-1.256213674724303
-0.7171390497663462
0.01926502642369383
0.026965329581180843
-0.10999059275834748
0.5380928565890032
-0.5027649095441169
-1.8350343186097222
1.2418288588913844
0.9428788075081835
-0.14046930633332697
-0.5841498963876204
-1.2803840150168113
-0.25900684724236994
0.29169219265825774
-0.24632926292585508
0.15801442850802866
0.22468252537324626
1.7161285795947994
1.192584490343225
-0.9322518063411972
0.4318553458000427
-1.3515709151656576
-0.31128642534044265
-0.5933416153362007
-0.70243381042461
-0.4453197005949673
0.07219350193016835
0.8086147327082048
0.5606187836073179
0.9912014639899709
-0.0324135268108403
0.549841173947981
-0.29038826866551454
1.3036761330066722
-1.5796645460854093
0.40253967328817514
-0.6861130300987744
-0.47124619330170736
-1.153121484549802
-1.6322447604849102
0.3844082469259528
-0.3303667572731802
-0.18820577830088825
0.2698857352659235
0.13824746840619162
0.7580378747567863
0.10768993795489254
0.5538047771778037
-0.8207899291553579
0.3020477972736489
-0.2959638245361225
0.596630288803659
-0.057713969861096615
0.8172346441604332
1.2828033272937618
1.7867903346794716
0.2310980399739687
0.9059470061025632
0.2591282321741363
1.5076594678760737
-0.08865575812761732
-0.10002960150108338
0.2754403291989432
0.677601843688855
-0.6483834634064596
-0.41932422509642997
-0.4330433811462268
-0.02062600273774364
0.6855718787811391
1.8489797370760146
-0.8322050341722482
-0.561188788421484
-0.8438105589933403
-0.9212169492175973
-1.2986689335925883
-0.12157352430515056
1.58423360965107
-0.13314975693490724
0.07442731772853468
-0.27327102864488434
0.3824621888182881
0.20700963218752275
0.3396817621441199
0.8824890964951388
-0.47955605221824277
0.6095684708784942
-0.12089288850077372
-0.7725053502630924
-0.4172434350955107
0.7495085523464602
0.47175191821590695
0.43227673234430064
1.7445552598672025
-1.2510818915237936
0.04333285119222609
1.369543240931334
-0.06674744010732532
-0.523884707527374
-0.0089483370015468
0.274003661312102
0.0791187478336154
1.1309327255840782
-1.5246005551768718
1.3783595333008074
1.04692904734879
-0.8227692464269704
0.4622438847916863
-0.538397893121735
-1.4702151958953573
-0.02552610430226488
-1.5012072296876804
-0.6846863859196836
1.4585051943942093
0.032208503816775
-1.1273071676906214
-0.9932090101547318
0.9401033552087795
0.2251138324901229
-0.5757390090614469
0.8130484305850136
-0.42285244389437604
-0.9828616807780428
1.351354426384866
0.2789872701481901
0.20705593961628244
1.8412045546369409
0.2039054803488445
-0.5675913625948338
0.7526878557690332
-1.312401545217778
-0.7763494872752644
-0.2130663440874263
1.6791212091766496
-0.7855502087525632
0.03657306736623411
0.613628751922732
1.0348998853907745
-0.5860137156398804
-0.738542766689152
0.632604342383471
-0.2410969394154851
-1.2666722782760667
0.38651266422974934
1.4840613232551023
-0.27839766370074726
0.4176126626291798
-0.07562817714756245
0.19581315584095024
0.468972905656792
-0.002850021414106491
-0.282475742303174
1.124896012663432
1.9618898199663495
0.3689796401236692
-1.7540932998454715
1.0490551983515193
1.0429964481648686
0.40543704667093716
0.39898953579172824
-0.8042525027173786
1.0858669456493977
1.0216818031341999
0.3961085456574253
0.9060962034347875
1.2707480711316888
1.1092358527560928
-0.9513498855902122
-0.8556559584815988
1.96243185962715
-0.6052459891079338
1.4439506150830923
-1.2619141852149423
-0.5387995221347355
0.817282122377291
-0.4833973879981144
1.2031830455287877
-1.72460380305491
0.3088502478764349
1.2559536448468982
0.5381647491480966
1.0858966044569003
0.8005646669946889
-1.0230350342580987
-0.10046412124488033
1.2480251067796342
0.8392999975571989
-0.18047256761457245
-0.7074374551921359
-1.0005544638034605
1.6222432258738129
1.2008628667454952
1.1155983874408726
0.8249875285055913
-0.24214641444497664
-0.7898496219918377
1.671626764242083
-0.3025257473457604
-0.010924705662976661
1.6924949225142119
0.30972224612792415
1.464048410291107
0.9694395169905362
-0.026242082151700746
0.5425390663798099
-0.43024970306071864
-0.10534096696868028
-0.27349587780612444
0.1690350492411691
-1.4056374342868867
1.93571956418395
1.0027640428398337
-1.712924442232363
0.2564378767595729
0.20904134677300648
-0.684599360320197
1.2342385707813424
-0.9731754372867761
0.562868560710873
-1.8742743587589226
0.011175865002713406
0.5616065473682237
-1.914691528369615
0.5818364602759624
1.7350516809356227
0.2851130875018969
-0.8110388668530543
-0.5121674800316747
-0.7579481112216301
-0.7307790520665824
-0.49234735184580636
1.5563961028801332
-1.1786752037820625
-0.3857358462729825
0.4876018569481956
1.661826797607251
-1.1104005786399092
-0.2504482048783167
0.7557806065377276
-0.4194355726697987
-0.7241305194289313
0.6114681766953861
-0.9794322665738898
-0.19688253414821805
1.0323337616232044
-0.8556274419998641
0.9790614817465976
-0.19140105908107827
-0.4904929990305015
-1.0786368877252828
-0.3324772128462548
-1.008803552381167
-0.023356205976189502
-0.30996984900209723
0.5364450163908474
-0.23949458869410212
-0.48386107727482286
-1.035662114985762
0.5745242260943558
-0.6432786543775803
1.2175476912854977
-0.45185388972230994
-1.3894836741234418
-0.44274810185356117
-0.348966441158837
1.3223322220627445
-0.24649077622832005
-0.5678144344112381
-0.7837081422617104
-0.6182340855602092
-0.5937419402313191
-0.8585993727923966
0.5690009681436219
0.547195899079833
-0.5802302932943978
0.3030396670303578
0.12018957634858708
-1.3199072177129019
0.08922507714882377
0.44608539847119905
-0.03398937332212617
1.4106542676075438
-0.494331209320607
0.8344682120476765
0.37097091710575913
0.5365680995488398
-0.42030989995814516
-0.3278985725616685
1.7374671230491965
-0.3759027917865299
0.30750376138825997
-0.3783207461780238
-1.2297054587931622
-0.47146211588539527
-1.2694887269399915
-0.506416294140989
-0.32602955749844104
0.785909678836388
-0.024807048082808415
-0.06651612151809635
1.4868907555213249
-1.3061114481230347
-0.20591913662940203
-0.3306918927403977
1.5897448253283957
0.05945205148437123
-0.0858901595239171
-0.052373333801410654
1.0429614586136602
-0.2618637739977929
-0.36763711480913663
-1.0647054159125275
-0.9166631137256493
-1.1193839102834902
-1.0045345191722412
0.7387580738616663
0.29184056322263985
0.7726781293737728
0.9845128237387867
-1.2483886866343248
-0.5093617548452003
1.0900223280789163
-0.10320908951978772
-0.24834915151004772
-0.03549476125574065
0.2512716649087891
-0.662671599249589
-0.7829571898535663
1.9652177991062194
-0.5123016011054246
0.22519077981955435
0.10273672614544174
-0.7138394093236873
-1.3051873097520457
0.7930559000467771
0.449634590368172
0.865005419257659
-0.4523923783938721
0.05001510004722321
-1.6953109057506761
1.150345135918133
-1.9696776304386698
0.5265747123252202
0.3615334722884711
0.14500363455108337
0.6017538446454029
0.32361524002402103
0.2454929830450014
0.19554160961255715
0.9584150036625069
0.36539478992262936
1.2598560081151513
1.0658343829535784
-0.4705422272219334
0.41983316632076645
0.2067386432262668
0.2688972367313406
0.16770667298461672
-0.24658497604460472
0.27485409833246044
-0.683141400200243
-1.5196231371789295
-0.7517509600361817
1.0402509137205482
0.014208222388281185
-0.13019828476620438
0.011890221068150887
-0.2996897919947886
-0.45385699592169176
-0.6229268026509915
-0.7830147195497609
0.20908759576663785
1.3626493954445718
1.334104281257239
-0.8207087324332447
0.5459243991510676
1.0649758326749965
-1.3112940845687084
-1.6654204548352254
-1.416418270979969
0.3820857848444496
-0.9135796000436919
0.8010903486452041
-0.36665397324948623
1.1791203889910047
-0.4587595721213789
-0.9111764219818176
-0.02536101721657953
0.006043871894575948
0.2796633252878986
-1.0059036557275094
-0.16291777616254904
-0.6224921754364017
1.3738704525719447
-1.2541891076459708
0.028176757034237068
-0.23635749774485815
-0.4907271302351234
-1.0622129845945394
-0.22170868893383158
1.127349007876508
-1.2675191777958241
1.787936847392839
-0.7935157334190973
0.3910774570181808
-0.44620517147345024
1.3417314418338881
-1.0313381300480224
-0.47882995383693266
1.0388764974938547
-0.016905371304332686
-1.755027157400341
-0.8236204908216584
-0.30395641848401944
-1.0021454267536187
-1.105401727520887
-1.1389339203234894
0.6125562248079944
-1.22918126134701
-1.2172615402548541
0.23465529011516426
0.5867149247944599
0.8894362140483915
0.4818041372956423
0.3166438012441593
-0.80025594124338
-1.2889304089931535
0.1932039498397282
-0.2507631409336093
-0.05429553443420646
0.08882348694461291
-0.7809440628877771
0.21370715390990988
0.9170599486578853
-0.26207336654343366
0.9173784997680057
-1.024032654813429
0.8836012434976964
-1.12178353921769
-1.0204626048824275
0.030088962137163316
-1.0660795607809508
0.06537375144753836
-0.6526066504270321
0.5660704944035813
-0.09529309961451095
0.48949153483753005
-0.4871926473446842
0.5090076343101275
1.4853182846775548
-1.6507866977395116
-0.3727476725635263
-1.0930839773463568
-1.4013063222179396
-0.6083688036874132
-0.05105369039269907
-0.3566497994969513
-0.8601064246192637
1.2527981699902633
0.4752293995235875
0.6592355824275682
0.8828777464457277
1.2077473764927962
-0.3258052491378332
0.07568259244209248
-0.22383502970979643
-1.5730039954638093
-1.6567765475886584
0.42198400299016314
-0.7813780422006572
-0.2263252287862492
-0.8648009999721438
-0.19045894595759885
0.27352614300373157
0.05959078438798651
1.4172095697208233
-1.368638097762602
0.36569042621658226
-0.37868116890898046
1.7844536774573159
-1.210149423187385
0.8706393715890514
1.0023101819454086
0.4140241718355297
-1.2824129357067842
-0.4209949558526708
0.5535926264454853
-0.23122797299434658
-1.485048028402919
0.21707568478264946
0.9297917409116293
-1.5125180105503364
0.5946299300051783
-0.19538611710822412
1.6425669266136438
0.758306774207808
-0.779729458065765
-0.605647475276366
-0.041714010125059625
0.3019503891351869
-0.8163074481323151
-1.1503100524803225
-0.17184191537887195
0.2268762515345402
-1.3862712181419743
-1.2000757191215814
-0.18072866311980337
-1.905728713669086
0.941755174366726
0.5399749185054117
1.1464728602070553
-1.3144687156633825
-0.6259015352454839
0.8352460988520969
0.1357059460611147
0.8794755023941431
-0.08387676506451028
-0.49252501702352536
-0.0588086184978179
0.12116661083624777
-1.4063023985356027
-0.3534915117400076
-1.053818455314518
0.6211882866699474
-0.9268248459154815
0.6791097275561493
-0.27498263577787624
-0.32895364466638843
-0.3571094752771094
1.455478625162913
-1.225224294843928
1.198813299251197
-1.7782265418469547
-0.7209495874884462
-0.16880230989760503
-1.6859111862505494
-0.5511242528858779
-0.07676062398170252
1.1400439070085855
-0.38003736540316724
-0.02917290203779324
0.738299528490011
-1.485177099511406
0.30600678541571885
0.844886417692891
1.1610157784051276
0.74387854128308
0.9487900694732379
-0.5346865734674578
1.281083768724591
-1.1311353073337895
0.48341341093427714
1.1972667529942167
-0.3111520124819168
-0.16436925285875248
1.2610870514034802
-1.5674047111902667
0.717583458259286
-0.0016859311949597748
-0.8113900443343317
-0.022378223344154458
-0.6232390145658014
-0.6248362596027277
1.1875403156393372
-1.3241907463642615
0.663001672315184
1.648438615870449
-0.013955411736772644
-1.4181318383582322
-1.4938306431920076
-0.4491914884095577
-0.4721640295010995
-1.5142243956879697
-0.006147494821585156
0.32816787572033196
-0.15491241212733664
0.8300955972589559
-0.9237013764841568
-0.26372918866262857
-1.1144752613931141
-0.32691844252282304
-0.6561112927882264
0.09257095577122687
0.16694255818998843
-1.0109242580116777
-0.24375344551583092
-1.3161241480809267
0.5530876897373984
-0.7105643996026336
0.25671506484963486
0.37534374493482486
-0.045760084028151085
-1.9446016425512505
0.4580812173755443
1.0406575669962044
0.8599710916077787
-1.1678761016054826
1.2169443302223515
1.965439131985155
-0.9950051691405872
-0.324204583049715
0.390953281955126
-0.11771648113402312
-1.5864232436899777
0.16643241230721917
0.47906251351422807
0.5238247907419559
1.50650400476073
-0.06526754493246219
0.11283013829689185
-1.5054546061820544
-1.510697326118596
0.2555348547411536
-0.14294940380298143
1.561501460930547
-1.8812731729252095
0.7538825555675025
1.03568353797687
1.6078062427787347
-1.0707258514679006
-0.30883349257317155
-1.4125492267270103
-0.17526918745761244
-0.48656907119041054
-0.873346516082439
0.7490192986132939
0.9029084533943221
-0.6227148217232289
-1.3562350730326311
1.5027826038555943
-0.27369022618043776
0.3721985478413972
0.2922803928429591
0.8359331344534499
0.2621640870195518
0.6505558266104691
0.5358490535796887
0.2416187930195304
-0.5181321891014452
-1.1498205559135195
0.7432149395172701
1.0811445275147606
1.0834576625761476
-0.9179863458526244
1.5149389998608298
0.7505591705653548
-0.5973462060123297
0.34382234509231024
0.08587282069677596
-0.18065398597634497
-1.24389049734793
0.01701463035496896
0.7243202437977501
0.2546599800844029
-0.3304871097269362
0.6878272737076767
1.3303974189540415
-1.6705603749186668
0.7958070969080007
0.018282029564715623
0.35894188869019744
-1.0214440809399812
0.7730823731958446
-0.5810186433009364
0.5452424949446552
0.06941341682418974
1.2816166026777736
0.7223882288819864
0.4534467993553241
-0.9116912090810328
-1.0196806866758175
-0.7148593059243142
0.8563304837256063
0.7978543098768953
-0.9517832149489118
-0.3606428891985211
0.10504311834546746
-1.667032600020633
-0.7218620634420795
1.418867720655909
0.795290465001796
-0.08140121952266685
0.13559167839121408
0.612375910322483
-1.0411432523587305
0.4431830392825257
-0.5199736640766376
0.6269251460647296
-1.1422450360313074
0.19356370060288922
-0.22270300541196186
0.45434073593105445
1.2176714668388873
0.3979880360643459
0.09238915824845227
-0.34777324614913724
0.821868161606115
-0.638516643491566
0.8085523512483563
-1.1879341214636328
-0.3160226664528716
-0.07347330789613223
-0.95148171703181
-1.4540762231969693
-0.2800765438941792
0.18071814752069223
-0.15295239258400692
-0.8769680612094428
1.0113920018079177
0.9724485478861884
0.3314369066794592
1.6989613649168107
-0.2695640143415716
-0.0077366563200480165
-1.7855863899741704
-0.7068855213841962
-0.5996061526528844
1.4697489075815584
0.5948911798862399
-1.5012136187084717
0.47611037179077653
1.0401838168740358
1.2803362699615997
0.7596849733451653
-0.4566013117184986
1.4826498667092527
1.8378242259985467
-0.48581314923528723
-0.8648065270460248
-0.9142613051413649
-1.4945061465664156
0.505124312298971
0.37007450996472047
-0.6125969935510936
-0.40353559042203047
0.6751539479516363
-0.4355444805143844
-0.8570923665001703
1.088208456843411
0.1379993956198121
0.10338709832358754
-1.715973943632413
0.8831795413183845
0.404997515042467
1.332956257479738
1.9948144308073539